
ssdaw 1.6865
awskds 2.89023
dsdawdas 0.702627
sdawss 1.32369
sxassfaK 9.52607
Kao 10.6719
 3.07837
Donut 27.55
ssdaw 48.4392
Dddd 27.6231
sssdf 4.5162
adass 174.48
sad 31.9141
ada 8.33108
 22.6631
 106.197
waaaaaaa 29.0039
 9.05856
w 6.47661
 10.1821
Perth 42.7222
 5.18614
Kao hahe 11.0524
 90.097
d 4.26862
ada 3.34433
awd 4.53629
 4.83864
 4.25893
 3.07874
 3.01557
 3.73631
P'Get 2.66781
 3.01013
 3.24087
 3.50197
 12.0361
DONUT 5.35134
sssswwssss 4.93404
 3.46864
 4.99607
 3.59407
 7.53445
 6.76117
awdadadad 4.75123
Wajungdai 2.8105
sswadk 6.40306
sasdwd 4.25927
 4.25927
 4.25927
 4.25927
 4.25927
 4.25927
 4.25927
 4.25927
 4.31624
 4.31624
 4.31624
 4.31624
 4.31624
 4.31624
 4.31624
 4.31624
 4.31624
 4.31624
 4.31624
 4.31624
 4.31624
 4.31624
 4.31624
 4.31624
 4.31624
 4.31624
 4.31624
 4.31624
 4.31624
 4.31624
 4.31624
 4.31624
 3.42955
 3.42955
 3.42955
 3.42955
 3.42955
 3.42955
 3.42955
 3.42955
 3.42955
 3.42955
 3.42955
 3.42955
 2.47154
 2.47154
 2.47154
 2.47154
 2.47154
 2.47154
 2.47154
 2.47154
 2.47154
 2.47154
 2.47154
 2.47154
Box Man 108.959
 108.959
 108.959
 108.959
 108.959
 108.959
 108.959
 108.959
 108.959
 108.959
 108.959
 108.959
 108.959
 108.959
 108.959
 108.959
 108.959
 108.959
 108.959
 108.959
 108.959
 108.959
 108.959
 108.959
 108.959
 108.959
 108.959
 108.959
 108.959
 108.959
 108.959
 108.959
 108.959
 108.959
 108.959
 108.959
 108.959
 108.959
 108.959
 108.959
 108.959
 108.959
 108.959
 108.959
 108.959
 108.959
 108.959
 108.959
 108.959
 108.959
 108.959
 108.959
 108.959
 108.959
 108.959
 108.959
 108.959
 108.959
 108.959
 108.959
 108.959
 108.959
ManBox 224.145
 224.145
 224.145
 224.145
 224.145
 224.145
 224.145
 224.145
 224.145
 224.145
 224.145
 224.145
 224.145
 224.145
 224.145
 224.145
 224.145
 224.145
 224.145
 224.145
 224.145
 224.145
 224.145
 224.145
 224.145
 224.145
 224.145
 224.145
 224.145
 224.145
 224.145
 224.145
 224.145
 224.145
 224.145
 224.145
 224.145
 224.145
 224.145
 224.145
 224.145
 224.145
 224.145
 224.145
 224.145
 224.145
 224.145
 224.145
 224.145
 224.145
 224.145
 224.145
 224.145
 224.145
 224.145
 224.145
 224.145
 224.145
 224.145
 224.145
 224.145
 224.145
 224.145
 224.145
 224.145
 224.145
 224.145
 224.145
 224.145
 224.145
 224.145
 224.145
 224.145
 224.145
 224.145
 224.145
 224.145
 224.145
 224.145
 224.145
 224.145
 224.145
 224.145
 224.145
 224.145
 224.145
 224.145
 224.145
 224.145
 224.145
 224.145
 224.145
 224.145
 224.145
 224.145
Boxman 264.216
 264.216
 264.216
 264.216
 264.216
 264.216
 264.216
 264.216
 264.216
 264.216
 264.216
 264.216
 264.216
 264.216
 264.216
 264.216
 264.216
 264.216
 264.216
 264.216
 264.216
 264.216
 264.216
 264.216
 264.216
 264.216
 264.216
 264.216
 264.216
 264.216
 264.216
 264.216
 264.216
 264.216
 264.216
 264.216
 264.216
 264.216
 264.216
 264.216
 264.216
 264.216
 264.216
Manbox 279.415
 279.415
 279.415
 279.415
 279.415
 279.415
 279.415
 279.415
 279.415
 279.415
 279.415
 279.415
 279.415
 279.415
 279.415
 279.415
 279.415
 279.415
 279.415
 279.415
 279.415
 279.415
 279.415
 279.415
 279.415
 279.415
 279.415
 279.415
Wowww 2.26894
 2.26894
 2.26894
 2.26894
 2.26894
 2.26894
 2.26894
 2.26894
 2.26894
 2.26894
 2.26894
 2.26894
 2.26894
 2.26894
 2.26894
 2.26894
 2.26894
 2.26894
 2.26894
 2.26894
 2.26894
 2.26894
 2.26894
 2.26894
 2.26894
 2.26894
 2.26894
 2.26894
 2.26894
 2.26894
 2.26894
 2.26894
 2.26894
 2.26894
 2.26894
 2.26894
 2.26894
 2.26894
 2.26894
 2.26894
 2.26894
 2.26894
 2.26894
 2.26894
 2.26894
 2.26894
 2.26894
 2.26894
 2.26894
 2.26894
 2.26894
 2.26894
 2.26894
 2.26894
 2.26894
 2.26894
 2.26894
 2.26894
 2.26894
 2.26894
 2.26894
 2.26894
 2.26894
 2.26894
 2.26894
 2.26894
 2.26894
 2.26894
 2.26894
 2.26894
 2.26894
 2.26894
 2.26894
 2.26894
 2.26894
 2.26894
 2.26894
 2.26894
 2.26894
 2.26894
 2.26894
 2.26894
 2.26894
 2.26894
 2.26894
 2.26894
 2.26894
 2.26894
 2.26894
 2.26894
 2.26894
 2.26894
 2.26894
 2.26894
 2.26894
 2.26894
 2.26894
 2.26894
 2.26894
 2.26894
 2.26894
 2.26894
 2.26894
 2.26894
 2.26894
 2.26894
 2.26894
 2.26894
 2.26894
 2.26894
 2.26894
 2.26894
 2.26894
 2.26894
 2.26894
 2.26894
 2.26894
 2.26894
 2.26894
 2.26894
 2.26894
 2.26894
 2.26894
 2.26894
 2.26894
 2.26894
 2.26894
 2.26894
 2.26894
 2.26894
 2.26894
 2.26894
 2.26894
 2.26894
 2.26894
 2.26894
 2.26894
 2.26894
 2.26894
 2.26894
 2.26894
 2.26894
 2.26894
 2.26894
 2.26894
 2.26894
 2.26894
 2.26894
 2.26894
 2.26894
 2.26894
 2.26894
 2.26894
 2.26894
 2.26894
 2.26894
 2.26894
 2.26894
 2.26894
 2.26894
 2.26894
 2.26894
 2.26894
 2.26894
 2.26894
 2.26894
 2.26894
 2.26894
 2.26894
 2.26894
 2.26894
 2.26894
 2.26894
 2.26894
 2.26894
 2.26894
 2.26894
 2.26894
 2.26894
 2.26894
 2.26894
 2.26894
 2.26894
 2.26894
 2.26894
 2.26894
 2.26894
 2.26894
 2.26894
 2.26894
 2.26894
 2.26894
 2.26894
 2.26894
 2.26894
 2.26894
 2.26894
 2.26894
 2.26894
 2.26894
 2.26894
 2.26894
 2.26894
 2.26894
 2.26894
 2.26894
 2.26894
 2.26894
 2.26894
 2.26894
 2.26894
 2.26894
 2.26894
 2.26894
 2.26894
 2.26894
 2.26894
 2.26894
 2.26894
 2.26894
 2.26894
 2.26894
 2.26894
 2.26894
 2.26894
 2.26894
 2.26894
 2.26894
 2.26894
 2.26894
 2.26894
 2.26894
 2.26894
 2.26894
 2.26894
 2.26894
 2.26894
 2.26894
 2.26894
 2.26894
 2.26894
 2.26894
 2.26894
 2.26894
 2.26894
 2.26894
 2.26894
 2.26894
 2.26894
 2.26894
 2.26894
 2.26894
 2.26894
 2.26894
 2.26894
 2.26894
 2.26894
 2.26894
 2.26894
 2.26894
 2.26894
 2.26894
 2.26894
 2.26894
 2.26894
 2.26894
 2.26894
 2.26894
 2.26894
 2.26894
 2.26894
 2.26894
 2.26894
 2.26894
 2.26894
 2.26894
 2.26894
 2.26894
 2.26894
 2.26894
 2.26894
 2.26894
 2.26894
 2.26894
 2.26894
 2.26894
 2.26894
 2.26894
 2.26894
 2.26894
 2.26894
 2.26894
 2.26894
 2.26894
 2.26894
 2.26894
 2.26894
 2.26894
 2.26894
 2.26894
 2.26894
 2.26894
 2.26894
 2.26894
 2.26894
 2.26894
 2.26894
 2.26894
 2.26894
 2.26894
 2.26894
 2.26894
 2.26894
 2.26894
 2.26894
 2.26894
 2.26894
 2.26894
 2.26894
 2.26894
 2.26894
 2.26894
 2.26894
 2.26894
 2.26894
 2.26894
 2.26894
 2.26894
 2.26894
 2.26894
 2.26894
 2.26894
 2.26894
 2.26894
 2.26894
 2.26894
 2.26894
 2.26894
 2.26894
 2.26894
 2.26894
 2.26894
 2.26894
 2.26894
 2.26894
 2.26894
 2.26894
 2.26894
 2.26894
 2.26894
 2.26894
 2.26894
 2.26894
 2.26894
 2.26894
 2.26894
 2.26894
 2.26894
 2.26894
 2.26894
 2.26894
 2.26894
 2.26894
 2.26894
 2.26894
 2.26894
 2.26894
 2.26894
 2.26894
 2.26894
 2.26894
 2.26894
 2.26894
 2.26894
 2.26894
 2.26894
 2.26894
 2.26894
 2.26894
 2.26894
 2.26894
 2.26894
 2.26894
 2.26894
 2.26894
 2.26894
 2.26894
 2.26894
 2.26894
 2.26894
 2.26894
 2.26894
 2.26894
 2.26894
 2.26894
 2.26894
 2.26894
 2.26894
 2.26894
 2.26894
 2.26894